epoch       gen/loss    dis/loss    lin_ratio   cgan_ratio
1           0.681708    0.696015                            
2           0.73689     0.669947    63.8        69.3        
3           0.752556    0.654692    65.5        70.1        
4           0.754283    0.648825    64.4        66.2        
5           0.748275    0.650494    62.8        62.5        
6           0.739629    0.658833    64.7        64.8        
7           0.726672    0.670076    63.7        63.1        
8           0.711387    0.681117    66.1        63          
9           0.701411    0.691968    63.1        62.4        
10          0.688689    0.700886    62.2        63.1        
11          0.678229    0.711603    66.1        62.9        
12          0.670092    0.717991    67.1        61.6        
13          0.66602     0.720705    64.7        59.9        
14          0.669166    0.718215    64.2        59.7        
15          0.674779    0.711526    64.6        61.4        
16          0.685594    0.701264    65.3        60.7        
17          0.69753     0.690569    63.6        62.9        
18          0.709074    0.680061    64.8        62.1        
19          0.719464    0.670873    61.8        61.4        
20          0.726131    0.665304    65.8        62.7   



{
    "n_data": 1000,
    "n_epochs": 20,
    "n_batchsize": 50,
    "n_neurons": 100,
    "n_noisedim": 30,
    "output_name": "yo"
}
epoch       gen/loss    dis/loss    lin_ratio   cgan_ratio
1           0.731579    0.681207                            
2           0.722405    0.662614    65.5        76.5        
3           0.735343    0.653243    65.8        72.2        
4           0.737457    0.64944     64.2        70.3        
5           0.731911    0.654219    62.5        66.9        
6           0.724303    0.664369    62.1        63          
7           0.705672    0.680972    64.8        64.1        
8           0.692815    0.697294    62.2        65.3        
9           0.678516    0.710293    65.9        64.6        
10          0.670192    0.723056    64.7        64.7        
11          0.668515    0.727173    68.4        64.3        
12          0.66634     0.729395    64.5        59.9        
13          0.67112     0.727793    63.5        60.2        
14          0.676443    0.722931    63.3        60.4        
15          0.682365    0.714993    63.5        61.3        
16          0.694879    0.706107    64.6        61.2        
17          0.703295    0.695882    64.6        59.1        
18          0.715497    0.686485    62.8        61.9        
19          0.720287    0.677726    65.4        59          
20          0.731382    0.670622    65.4        61.9        
     




{
    "n_data": 1000,
    "n_epochs": 100,
    "n_batchsize": 25,
    "n_neurons": 80,
    "n_noisedim": 40,
    "output_name": "yo"
}

epoch       gen/loss    dis/loss    lin_ratio   cgan_ratio
1           0.733036    0.700448                            
2           0.747651    0.645461    62.2        74.1        
3           0.759874    0.634546    65.7        67.5        
4           0.727384    0.664564    68.1        66.7        
5           0.682184    0.710726    66.3        61.6        
6           0.655006    0.738339    66.8        61.9        
7           0.65987     0.73504     63.6        59.3        
8           0.68071     0.712206    63.5        63.6        
9           0.710714    0.68346     64.5        57.8        
10          0.731921    0.662995    65          60.2        
11          0.741106    0.655236    61.7        61.2        
12          0.734641    0.661748    67          58.9        
13          0.710081    0.683489    65.4        62.7        
14          0.684047    0.70709     62.9        64.2        
15          0.669651    0.719765    61.4        66.2        
16          0.678724    0.707856    64.9        65.8        
17          0.701066    0.683656    65.7        69.1        
18          0.722812    0.662747    64.2        66          
19          0.724459    0.659065    63.7        62.2        
20          0.712117    0.671901    66.8        62.5        
21          0.695118    0.689645    62.5        60.7        
22          0.687684    0.699168    62.9        60.6        
23          0.687466    0.700277    61.9        62          
24          0.694568    0.694177    64.1        60.5        
25          0.707006    0.684091    65.7        60.4        
26          0.719881    0.671328    67.4        60          
27          0.73124     0.662533    66          60          
28          0.733747    0.660915    62.4        63.8        
29          0.720743    0.672609    63.2        62.4        
30          0.702637    0.688491    63.7        60.3        
31          0.689482    0.699051    66.2        63.7        
32          0.691464    0.695871    62.7        66.8        
33          0.707567    0.678531    65.2        67.3        
34          0.725041    0.660832    60.9        66          
35          0.73027     0.654736    62          63.1        
36          0.723185    0.661712    61.6        63.6        
37          0.707021    0.678221    62.9        60.5        
38          0.695037    0.691298    64.8        62.6        
39          0.693004    0.695158    66.3        60.1        
40          0.703689    0.68584     62.9        59.5        
41          0.722028    0.668817    63.1        61.1        
42          0.739577    0.653447    62.9        59.1        
43          0.745625    0.649167    65.2        61          
44          0.731724    0.660484    66.9        61.2        
45          0.70854     0.679877    62.7        59.6        
46          0.696073    0.69163     64.7        59.8        
47          0.697734    0.688789    62.4        62.4        
48          0.716397    0.67247     64.9        63.1        
49          0.736503    0.652328    64          64.9        
50          0.743718    0.645456    65.8        65.4        
51          0.73293     0.65442     62.3        63.5        
52          0.718088    0.670436    65.8        59          
53          0.702322    0.684828    64.2        63.5        
54          0.706492    0.684218    63.2        61.1        
55          0.718245    0.671971    64.7        64          
56          0.734913    0.656351    65.2        64.7        
57          0.746143    0.645335    63.6        63.4        
58          0.745795    0.646588    65.3        60.1        
59          0.730866    0.659281    63.6        62          
60          0.718141    0.671279    63.8        62.3        
61          0.71179     0.679286    66.5        61.4        
62          0.71789     0.671905    65.5        63.8        
63          0.735229    0.657242    64.1        63.4        
64          0.745407    0.646909    63.9        63.9        
65          0.746373    0.645322    66.6        66          
66          0.736953    0.653262    63.9        62.6        
67          0.724489    0.666502    65.1        59.5        
68          0.720281    0.669496    66.1        64.9        
69          0.727914    0.664805    66.7        59.1        
70          0.735249    0.657023    63.5        59.6        
71          0.741974    0.649775    63.2        62.8        
72          0.746586    0.646061    65.4        60.4        
73          0.746815    0.647267    63.7        61          
74          0.742893    0.650801    66.3        61.5        
75          0.73688     0.655403    63.6        61.7        
76          0.736298    0.659371    65.3        61.9        
77          0.735803    0.657763    64.2        61.8        
78          0.736818    0.655284    67.7        64.5        
79          0.745453    0.647613    62.8        62.6        
80          0.753916    0.642929    65.9        64.4        
81          0.753704    0.642163    68.4        61.5        
82          0.747104    0.648652    59.2        60.2        
83          0.74273     0.652441    64.8        59.6        
84          0.735498    0.658176    65.1        61.6        
85          0.737168    0.655974    60.9        57          
86          0.748622    0.647079    63.6        60.3        
87          0.761042    0.63698     67.7        65          
88          0.767016    0.632621    66.3        62.5        
89          0.763992    0.636268    65          63          
90          0.753884    0.644996    64          63          
91          0.740028    0.656944    65.2        62.7        
92          0.738236    0.658149    64.1        63.5        
93          0.748654    0.648381    64.8        63.5        
94          0.760309    0.636185    64.3        62.6        
95          0.770953    0.630061    64.5        61          
96          0.770962    0.629802    64.8        59.6        
97          0.760868    0.639674    63.9        61.2        
98          0.751896    0.648719    65.8        60.7        
99          0.740824    0.656649    64          57.8        
100         0.750498    0.648298    66.5        62.3        


{
    "experiment": "random_left_right",
    "n_data": 20000,
    "n_epochs": 200,
    "n_batchsize": 80,
    "n_neurons": 50,
    "n_noisedim": 30,
    "dataset_path": "../rrtconnect",
    "output_name": ""
}
epoch       gen/loss    dis/loss    lin_ratio   cgan_ratio  diff_ratio
1           0.719902    0.680752                                        
2           0.730895    0.663073    64.9        98.1        -33.2       
3           0.713246    0.681639    64.5        75.1        -10.6       
4           0.716402    0.672283    65          72.4        -7.4        
5           0.710514    0.683308    64.2        63.5        0.7         
6           0.704279    0.674339    66.2        66.2        0           
7           0.727428    0.670883    67.3        61.1        6.2         
8           0.71979     0.662769    61.8        63.9        -2.1        
9           0.741801    0.65824     65.1        69          -3.9        
10          0.732005    0.648823    64.1        69.2        -5.1        
11          0.7519      0.653756    62.7        60.3        2.4         
12          0.724732    0.681524    64.3        65          -0.7        
13          0.769498    0.646422    64.6        46.9        17.7        
14          0.748518    0.652019    63.7        80.5        -16.8       
15          0.739756    0.651295    66          63.1        2.9         
16          0.756925    0.641513    64.4        62.5        1.9         
17          0.761064    0.633127    63.5        62.8        0.7         
18          0.77565     0.623203    64.4        66.3        -1.9        
19          0.789368    0.615886    64.5        64.7        -0.2        
20          0.803858    0.619308    66.2        64.2        2           
21          0.817788    0.635346    63.3        72.8        -9.5        
22          0.81666     0.619138    66.3        66.8        -0.5        
23          0.810142    0.606278    63.7        68          -4.3        
24          0.814438    0.596663    66.6        59          7.6         
25          0.834535    0.58583     65.2        64.5        0.7         
26          0.850063    0.576151    63.6        58.9        4.7         
27          0.862415    0.585406    60          58.9        1.1         
28          0.903105    0.615415    64.9        57          7.9         
29          0.88443     0.585142    66          58.6        7.4         
30          0.876049    0.564219    65.2        67.8        -2.6        
31          0.892167    0.551241    62.6        67.8        -5.2        
32          0.911864    0.542141    63.2        64.9        -1.7        
33          0.932507    0.533543    65.2        61.2        4           
34          0.954986    0.526424    65.2        61.7        3.5         
35          0.97878     0.537509    64.6        62.7        1.9         
36          1.00953     0.575368    63.8        62.3        1.5         
37          1.00967     0.568929    62.6        62.7        -0.1        
38          0.994271    0.539382    63.8        58.6        5.2         
39          1.00152     0.520003    64          62.5        1.5         
40          1.02436     0.517525    63.5        65.8        -2.3        
41          1.04891     0.530697    67.1        66.4        0.7         
42          1.07478     0.539376    64          65.1        -1.1        
43          1.08008     0.530975    62.8        60.3        2.5         
44          1.08007     0.513062    64.5        62.2        2.3         
45          1.08224     0.495455    65.9        62.8        3.1         
46          1.09645     0.487797    64.1        62.5        1.6         
47          1.11704     0.49152     67.8        61.6        6.2         
48          1.14963     0.512053    61.1        59.6        1.5         
49          1.18117     0.522808    64.2        64.3        -0.1        
50          1.17559     0.503801    64.9        60.4        4.5         
51          1.15727     0.478321    63.9        61.1        2.8         
52          1.15971     0.457646    63.1        61.2        1.9         
53          1.17271     0.445308    66.5        63          3.5         
54          1.19536     0.441473    62.9        62.9        0           
55          1.22382     0.452754    64.8        62.4        2.4         
56          1.2729      0.479876    63.2        60.6        2.6         
57          1.2914      0.495879    63.6        62.7        0.9         
58          1.2715      0.471188    64.9        60.2        4.7         
59          1.26325     0.443516    66.3        61.3        5           
60          1.27805     0.434569    63.5        63.5        0           
61          1.30385     0.437614    64.7        62          2.7         
62          1.32848     0.446776    64.6        61.8        2.8         
63          1.35205     0.454152    65.1        62.6        2.5         
64          1.35818     0.45071     66.4        62.4        4           
65          1.35429     0.438316    62.8        58.6        4.2         
66          1.36055     0.42679     63.7        61.5        2.2         
67          1.37357     0.420274    63.8        64.4        -0.6        
68          1.38943     0.421799    63.7        63.4        0.3         
69          1.4141      0.422213    65.2        62.9        2.3         
70          1.42549     0.414009    65.9        62.4        3.5         
71          1.42611     0.403986    64.7        60.7        4           
72          1.43983     0.40001     64.1        61.2        2.9         
73          1.45542     0.395034    66          60.4        5.6         
74          1.46806     0.39218     65.5        59.6        5.9         
75          1.48468     0.39119     63.1        61.1        2           
76          1.50531     0.388747    62.1        61.6        0.5         
77          1.51039     0.381311    64.2        57.9        6.3         
78          1.5192      0.380442    65.6        62          3.6         
79          1.53372     0.370453    63.1        60.2        2.9         
80          1.53883     0.3644      65.4        59.5        5.9         
81          1.55342     0.35621     65.3        62.2        3.1         
82          1.56691     0.355142    64.7        61          3.7         
83          1.58614     0.358049    65.9        62.3        3.6         
84          1.60982     0.354787    65.5        63.6        1.9         
85          1.61581     0.350597    63.6        62.7        0.9         
86          1.62574     0.346585    63.4        60          3.4         
87          1.63854     0.340415    64          61.7        2.3         
88          1.64634     0.335467    63.5        62.7        0.8         
89          1.66142     0.330391    61.1        60          1.1         
90          1.6855      0.325281    65.1        64.7        0.4         
91          1.69248     0.319092    66.2        61.5        4.7         
92          1.71007     0.317973    64          62.4        1.6         
93          1.72713     0.317191    65.5        61.8        3.7         
94          1.74442     0.319152    63.5        61.5        2           
95          1.76666     0.315778    65.7        61.1        4.6         
96          1.77256     0.314466    66.2        61.9        4.3         
97          1.78422     0.308215    66.1        61.5        4.6         
98          1.7937      0.300974    64.6        62.2        2.4         
99          1.80512     0.295678    67          58          9           
100         1.82331     0.295174    62.8        61.2        1.6         
101         1.84099     0.292093    64.6        62.1        2.5         
102         1.86304     0.291052    64.6        61.8        2.8         
103         1.87907     0.290737    63.1        59.1        4           
104         1.89046     0.285686    65.9        59.5        6.4         
105         1.9019      0.284901    66          59.4        6.6         
106         1.91308     0.281415    63          60.1        2.9         
107         1.92751     0.278616    62.8        59          3.8         
108         1.94617     0.274985    64.3        62.7        1.6         
109         1.95018     0.270512    64          61.8        2.2         
110         1.96692     0.264991    63.3        61.4        1.9         
111         1.97691     0.263811    64.9        63.4        1.5         
112         1.99837     0.262413    65.6        59.7        5.9         
113         2.01501     0.264001    65.7        63.4        2.3         
114         2.0415      0.262976    65.5        61.3        4.2         
115         2.04827     0.261868    64.5        60          4.5         
116         2.06109     0.25494     64.6        59.8        4.8         
117         2.06478     0.251699    67.9        60.4        7.5         
118         2.07637     0.247102    63          62.4        0.6         
119         2.08725     0.244167    62.1        62          0.1         
120         2.10479     0.242044    62          63.2        -1.2        
121         2.12212     0.242158    65          60.6        4.4         
122         2.1388      0.241955    61.9        63.2        -1.3        
123         2.15972     0.241452    58.7        63.2        -4.5        
124         2.17837     0.241456    66.1        59.3        6.8         
125         2.1986      0.240419    66          60.7        5.3         
126         2.21084     0.238091    65.2        63.6        1.6         
127         2.21126     0.233892    63.3        59.6        3.7         
128         2.22271     0.234882    64.8        59.9        4.9         
129         2.24498     0.233298    63.4        63.1        0.3         
130         2.25786     0.22939     65.2        64.8        0.4         
131         2.26456     0.231047    64.4        60.6        3.8         
132         2.29978     0.23445     62          59.2        2.8         
133         2.30682     0.231799    65.2        60.7        4.5         
134         2.31063     0.231927    62.5        63.9        -1.4        
135         2.34059     0.235159    63.4        63          0.4         
136         2.38055     0.240928    65.6        63.7        1.9         
137         2.38691     0.236786    62.9        62.6        0.3         
138         2.39834     0.238       64.4        60.8        3.6         
139         2.45166     0.243638    62.7        61.8        0.9         
140         2.48352     0.245349    64          61.7        2.3         
141         2.50902     0.250619    64.9        63          1.9         
142         2.57486     0.259842    63.9        59.5        4.4         
143         2.59148     0.257752    66.8        61          5.8         
144         2.57475     0.251941    62.8        62.1        0.7         
145         2.60162     0.254465    65.1        61.8        3.3         
146         2.60978     0.256232    65.9        61.2        4.7         
147         2.66145     0.259616    64.9        59.9        5           
148         2.64455     0.261179    65.2        59.8        5.4         
149         2.70504     0.270456    64.1        62.5        1.6         
150         2.76101     0.285869    64.6        63.8        0.8         
151         2.77874     0.292682    63.4        61.7        1.7         
152         2.75769     0.28904     65.8        61.1        4.7         
153         2.76014     0.279874    64.2        62.1        2.1         
154         2.78243     0.281947    63.3        62.1        1.2         
155         2.78042     0.285074    63.7        60.7        3           
156         2.81173     0.292787    65.4        62.6        2.8         
157         2.82401     0.292493    63.8        62.1        1.7         
158         2.81283     0.279852    65.9        60.5        5.4         
159         2.79359     0.266696    62.8        63.8        -1          
160         2.80509     0.268561    64.3        61          3.3         
161         2.80383     0.267006    65.8        58.9        6.9         
162         2.79565     0.259794    61.5        61.5        0           
163         2.79109     0.261004    65.2        61.9        3.3         
164         2.82295     0.260874    64.9        62.7        2.2         
165         2.8167      0.257149    64.8        60          4.8         
166         2.84196     0.259081    63.3        62          1.3         
167         2.84654     0.268679    66.4        62.7        3.7         
168         2.86169     0.263667    64.6        63.7        0.9         
169         2.85732     0.259061    61.6        59.5        2.1         
170         2.85024     0.256313    63.9        64.7        -0.8        
171         2.84548     0.249145    65.2        61.5        3.7         
172         2.82117     0.238265    65.3        63.6        1.7         
173         2.82625     0.236788    62.6        60.5        2.1         
174         2.83682     0.237111    66.2        60.9        5.3         
175         2.86927     0.242903    64.4        61.7        2.7         
176         2.88058     0.233397    60.8        60.6        0.2         
177         2.84144     0.227276    64.7        61.8        2.9         
178         2.83541     0.219583    64.7        62          2.7         
179         2.81276     0.216822    63.3        61.4        1.9         
180         2.83823     0.22299     64.5        58.8        5.7         
181         2.86161     0.225035    65.7        62.3        3.4         
182         2.88433     0.228844    66.3        61.9        4.4         
183         2.93514     0.243435    65          62.2        2.8         
184         2.99755     0.261202    61.3        62.4        -1.1        
185         3.04371     0.268896    63.9        64.5        -0.6        
186         3.03596     0.269986    62.8        63.8        -1          
187         3.0517      0.264682    65          62.4        2.6         
188         3.04562     0.26276     63.8        60.9        2.9         
189         3.06369     0.261836    63          61.9        1.1         
190         3.03742     0.260457    64.2        57.4        6.8         
191         3.02964     0.254542    63.4        61.8        1.6         
192         3.00476     0.249232    62.1        61.1        1           
193         3.02981     0.240688    65          62.1        2.9         
194         3.01436     0.235758    61.7        60.1        1.6         
195         3.03552     0.240584    66.2        58.9        7.3         
196         3.0513      0.24698     63.9        60.4        3.5         
197         3.065       0.248433    62.3        63.8        -1.5        
198         3.01713     0.232019    63.8        63.2        0.6         
199         2.98762     0.228961    63.3        62.7        0.6         
200         2.96617     0.217684    63.9        59.4        4.5         






{
    "experiment": "random_left_right",
    "n_data": 50000,
    "n_epochs": 200,
    "n_batchsize": 50,
    "n_neurons": 100,
    "n_noisedim": 40,
    "dataset_path": "../rrtconnect",
    "output_name": ""
}
epoch       gen/loss    dis/loss    lin_ratio   cgan_ratio  diff_ratio
1           0.711738    0.679538                                        
2           0.718318    0.669125    65.7        64.9        0.8         
3           0.759647    0.646996    64.3        62.4        1.9         
4           0.776652    0.632653    63.8        48.7        15.1        
5           0.785447    0.632553    66          61.3        4.7         
6           0.817558    0.604423    65.5        63.7        1.8         
7           0.867825    0.589445    66          63.4        2.6         
8           0.908969    0.564818    65.5        60.3        5.2         
9           0.967357    0.548925    63          61.4        1.6         
10          1.01747     0.524274    64.8        61.9        2.9         
11          1.07849     0.50482     64.4        58.7        5.7         
12          1.1364      0.492605    64.7        63.5        1.2         
13          1.19096     0.463401    64.5        62.6        1.9         
14          1.2609      0.458655    63.8        61.4        2.4         
15          1.30724     0.431977    62.8        59.2        3.6         
16          1.3705      0.419918    64.9        59.4        5.5         
17          1.42175     0.401107    62.5        60.5        2           
18          1.48133     0.382875    62.8        61.3        1.5         
19          1.53442     0.364478    61.1        59.7        1.4         
20          1.59479     0.350983    63.7        62.3        1.4         
21          1.65298     0.335533    64.1        60.1        4           
22          1.70958     0.319868    63.4        63.2        0.2         
23          1.77049     0.307858    62.5        62.1        0.4         
24          1.83338     0.297385    63.7        61.9        1.8         
25          1.89064     0.286013    63.9        61.6        2.3         
26          1.93924     0.273932    63.8        59.3        4.5         
27          2.00286     0.266349    66.7        62.4        4.3         
28          2.04891     0.25644     62.6        61.6        1           
29          2.11818     0.254816    64.3        64.7        -0.4        
30          2.17641     0.250331    65.8        63.1        2.7         
31          2.21457     0.237905    65          61.8        3.2         
32          2.28357     0.236247    60.9        65.9        -5          
33          2.33697     0.231249    60.6        61.7        -1.1        
34          2.41157     0.235131    64.5        60          4.5         
35          2.526       0.246025    64.9        62.5        2.4         
36          2.67388     0.281003    64.3        60.2        4.1         
37          2.68632     0.266683    67.9        62.3        5.6         
38          2.70996     0.256722    65.3        64.7        0.6         
39          2.73311     0.247483    62.9        65.5        -2.6        
40          2.77641     0.25429     64.5        62.4        2.1         
41          2.82838     0.257744    62.6        62.2        0.4         
42          2.8431      0.244218    64.3        62.5        1.8         
43          2.8897      0.251451    63.1        60.5        2.6         
44          2.90874     0.248314    64.8        62.7        2.1         
45          2.98924     0.252711    66.4        64          2.4         
46          3.00959     0.253775    64.5        61.2        3.3         
47          3.00908     0.241157    63.9        61.5        2.4         
48          3.01475     0.23621     63.4        64.1        -0.7        
49          3.02989     0.236008    65.8        61.8        4           
50          3.03713     0.225203    63.3        63.9        -0.6        
51          3.01457     0.21404     63          59.6        3.4         
52          2.9919      0.205837    65.1        63.5        1.6         
53          3.0512      0.210091    64          64.1        -0.1        
54          3.09469     0.214262    64.9        65          -0.1        
55          3.15268     0.218338    64.4        66.5        -2.1        
56          3.27956     0.240824    64.1        63.9        0.2         
57          3.3072      0.245537    66.1        63.6        2.5         
58          3.30613     0.236012    63.7        65.5        -1.8        
59          3.33295     0.237388    65.1        63.2        1.9         
60          3.33102     0.233972    63.6        63.3        0.3         
61          3.28941     0.223091    64.6        59.6        5           
62          3.30465     0.21527     61.8        62.2        -0.4        
63          3.28931     0.209084    62.9        62.9        0           
64          3.28099     0.205388    67.3        63.2        4.1         
65          3.33016     0.206342    65.1        62.2        2.9         
66          3.30921     0.195111    64.3        62.8        1.5         
67          3.3462      0.198068    63.4        61.2        2.2         
68          3.34388     0.194539    64.7        63          1.7         
69          3.36037     0.19487     66.3        62.5        3.8         
70          3.41915     0.197227    65.7        62.8        2.9         
71          3.46975     0.206053    64.9        60.3        4.6         
72          3.45785     0.203796    64          62.4        1.6         
73          3.45453     0.200041    65.5        60.5        5           
74          3.4728      0.193212    64.4        60.8        3.6         
75          3.49389     0.193414    62.9        62          0.9         
76          3.48674     0.191232    63.5        60.8        2.7         
77          3.51778     0.195334    62.5        59.2        3.3         
78          3.57321     0.193639    64.5        57          7.5         
79          3.55038     0.185926    62.2        60.6        1.6         
80          3.51167     0.179994    64.7        61.4        3.3         
81          3.56032     0.186007    64.6        61          3.6         
82          3.60533     0.191334    64.2        63.1        1.1         
83          3.69878     0.200386    63.4        61.6        1.8         
84          3.72706     0.19886     65.2        62.9        2.3         
85          3.72266     0.195668    64.1        62.4        1.7         
86          3.79355     0.204578    61.3        60.7        0.6         
87          3.86149     0.21186     65.4        66.3        -0.9        
88          3.86878     0.211425    65          63.2        1.8         
89          3.84147     0.209368    64.6        62.3        2.3         
90          3.82932     0.197834    64.2        60.6        3.6         
91          3.80573     0.202058    63.5        64.1        -0.6        
92          3.77645     0.194078    65.5        64          1.5         
93          3.77506     0.19009     66.8        57.8        9           
94          3.81455     0.195706    66.4        64.2        2.2         
95          3.78197     0.182867    65          62.2        2.8         
96          3.81494     0.185055    63.2        62.6        0.6         
97          3.82725     0.18528     63.4        61.8        1.6         
98          3.85644     0.187072    66.6        61.2        5.4         
99          3.85237     0.17968     62.2        63.8        -1.6        
100         3.87851     0.182982    63.5        59.7        3.8         
101         3.8967      0.187194    63.5        62.7        0.8         
102         3.8928      0.184203    65          61.8        3.2         
103         3.89713     0.178505    62          62.6        -0.6        
104         3.9188      0.1787      66.4        64.5        1.9         
105         3.89547     0.177525    63.9        62.1        1.8         
106         3.88575     0.171841    63.9        60.6        3.3         
107         3.92901     0.167747    66.2        62.9        3.3         
108         3.96352     0.173053    64.6        60.2        4.4         
109         4.0089      0.177282    63.4        63.4        0           
110         4.03241     0.178786    65.6        62.1        3.5         
111         4.03781     0.179203    63.9        59          4.9         
112         4.03059     0.178198    66.8        62.3        4.5         
113         4.04528     0.177744    65.3        63.5        1.8         
114         4.03738     0.175681    65.7        59.5        6.2         
115         4.05733     0.174683    63.2        64.4        -1.2        
116         4.04395     0.172579    63.5        67.2        -3.7        
117         4.04884     0.168969    65.2        62.6        2.6         
118         4.06331     0.170683    63.2        65.5        -2.3        
119         4.04784     0.168581    62.9        66.7        -3.8        
120         4.06418     0.163169    65.2        62.1        3.1         
121         4.07914     0.167707    63          64.1        -1.1        
122         4.11466     0.170777    63.8        62.7        1.1         
123         4.11243     0.166945    66.1        60.4        5.7         
124         4.10186     0.16534     65.5        64.2        1.3         
125         4.11955     0.162853    63.5        60.1        3.4         
126         4.12338     0.163518    65.3        61.5        3.8         
127         4.13772     0.164032    66          64.1        1.9         
128         4.12925     0.16416     64.9        61.9        3           
129         4.14099     0.158045    64.1        61.3        2.8         
130         4.17064     0.162678    62.5        62.7        -0.2        
131         4.17032     0.160971    63.2        61.6        1.6         
132         4.18504     0.16008     62          63.2        -1.2        
133         4.18523     0.158854    63.4        62.9        0.5         
134         4.20396     0.157978    65.1        60.7        4.4         
135         4.20371     0.15897     63          62.4        0.6         
136         4.18165     0.151747    64.1        60.9        3.2         
137         4.20034     0.153794    66          61.2        4.8         
138         4.20805     0.153645    66.1        57.9        8.2         
139         4.23854     0.154958    63.7        60.5        3.2         
140         4.2863      0.156395    65.5        60.6        4.9         
141         4.28889     0.157391    64.1        60.5        3.6         
142         4.27138     0.155629    63.3        62.2        1.1         
143         4.26942     0.155705    62.6        60.7        1.9         
144         4.28494     0.153274    64          61.9        2.1         
145         4.26418     0.150496    63.4        61.9        1.5         
146         4.28475     0.153955    66          60          6           
147         4.28731     0.148752    66.5        60.9        5.6         
148         4.32273     0.155361    63.1        60.7        2.4         
149         4.3146      0.151949    63.2        61.3        1.9         
150         4.2693      0.149435    66.9        63.4        3.5         
151         4.3214      0.149154    65.8        63.3        2.5         
152         4.30035     0.144181    64.7        61.7        3           
153         4.32327     0.145906    64.5        64.5        0           
154         4.35667     0.145529    67.7        63.2        4.5         
155         4.37657     0.148218    63.4        63.1        0.3         
156         4.34935     0.147648    64.8        64.7        0.1         
157         4.35612     0.144984    62.8        60.1        2.7         
158         4.39068     0.148472    65.6        62.2        3.4         
159         4.36417     0.143925    64          63.6        0.4         
160         4.40636     0.146288    67.3        59.3        8           
161         4.39069     0.140779    61.6        61.4        0.2         
162         4.43083     0.147314    64.7        61.4        3.3         
163         4.4613      0.151213    64          61.9        2.1         
164         4.40744     0.146247    62.2        61.5        0.7         
165         4.39818     0.14357     64.5        63.5        1           
166         4.37487     0.140693    63.7        60.4        3.3         
167         4.37679     0.135691    65.6        62.4        3.2         
168         4.42436     0.141488    64.6        61.5        3.1         
169         4.44652     0.140767    64.4        61.9        2.5         
170         4.48669     0.143402    63.7        62.8        0.9         
171         4.47088     0.140394    65.4        62.2        3.2         
172         4.44133     0.139511    62          63.2        -1.2        
173         4.44364     0.140259    62.6        62.7        -0.1        
174         4.4598      0.136078    65.5        60.8        4.7         
175         4.4885      0.142226    66.1        63.8        2.3         
176         4.50542     0.141887    64.7        60.9        3.8         
177         4.47985     0.138722    65.9        63.7        2.2         
178         4.46971     0.132856    63.5        61.3        2.2         
179         4.49446     0.139412    66.5        60.6        5.9         
180         4.53761     0.143744    67          62.8        4.2         
181         4.5013      0.137861    64.1        61.7        2.4         
182         4.52498     0.141231    64.1        59.3        4.8         
183         4.51956     0.136283    64.9        59.6        5.3         
184         4.54211     0.138206    65.7        62.3        3.4         
185         4.49239     0.133273    64.7        60.6        4.1         
186         4.5         0.133316    61.4        61.6        -0.2        
187         4.47166     0.130262    65.2        62.9        2.3         
188         4.49787     0.131987    66.6        59.6        7           
189         4.54911     0.134852    62.8        61.8        1           
190         4.56957     0.13612     63          57.8        5.2         
191         4.5536      0.135093    65.5        65          0.5         
192         4.6036      0.139199    63.4        63.4        0           
193         4.52668     0.13304     65.1        58.5        6.6         
194         4.50893     0.130397    65.3        62.5        2.8         
195         4.52825     0.130674    65.3        62.5        2.8         
196         4.56815     0.133067    65.3        62.1        3.2         
197         4.54565     0.130069    62.8        60.6        2.2         
198         4.52292     0.129108    64.1        62.5        1.6         
199         4.55915     0.131513    64.5        57.5        7           
200         4.55106     0.130036    66.1        65.3        0.8         

